 0.00033 0.10987E-02
 0.00067 0.10982E-02
 0.00103 0.10978E-02
 0.00144 0.10976E-02
 0.00188 0.10974E-02
 0.00237 0.10972E-02
 0.00291 0.10971E-02
 0.00350 0.10971E-02
 0.00415 0.10971E-02
 0.00486 0.10971E-02
 0.00565 0.10972E-02
 0.00651 0.10973E-02
 0.00746 0.10974E-02
 0.00851 0.10976E-02
 0.00966 0.10979E-02
 0.01092 0.10981E-02
 0.01232 0.10985E-02
 0.01385 0.10988E-02
 0.01553 0.10993E-02
 0.01739 0.10997E-02
 0.01942 0.11003E-02
 0.02167 0.11009E-02
 0.02413 0.11015E-02
 0.02685 0.11023E-02
 0.02983 0.11030E-02
 0.03312 0.11039E-02
 0.03673 0.11048E-02
 0.04070 0.11059E-02
 0.04507 0.11069E-02
 0.04988 0.11081E-02
 0.05516 0.11094E-02
 0.06098 0.11107E-02
 0.06738 0.11121E-02
 0.07442 0.11136E-02
 0.08216 0.11152E-02
 0.09067 0.11169E-02
 0.10004 0.11186E-02
 0.11035 0.11205E-02
 0.12168 0.11224E-02
 0.13415 0.11243E-02
 0.14786 0.11263E-02
 0.16295 0.11282E-02
 0.17955 0.11302E-02
 0.19780 0.11322E-02
 0.21788 0.11340E-02
 0.23997 0.11358E-02
 0.26427 0.11373E-02
 0.29099 0.11386E-02
 0.32039 0.11395E-02
 0.35273 0.11401E-02
 0.38830 0.11401E-02
 0.42743 0.11396E-02
 0.47048 0.11384E-02
 0.51782 0.11364E-02
 0.56991 0.11336E-02
 0.62720 0.11300E-02
 0.69022 0.11254E-02
 0.75954 0.11198E-02
 0.83579 0.11132E-02
 0.91967 0.11055E-02
 1.01194 0.10965E-02
 1.11343 0.10860E-02
 1.22508 0.10737E-02
 1.34788 0.10592E-02
 1.48297 0.10416E-02
 1.63157 0.10203E-02
 1.79503 0.99441E-03
 1.97483 0.96334E-03
 2.17261 0.92723E-03
 2.39017 0.88740E-03
 2.62949 0.84661E-03
 2.89274 0.80912E-03
 3.18231 0.78047E-03
 3.50084 0.76685E-03
 3.85123 0.77354E-03
 4.23665 0.80314E-03
 4.66062 0.85495E-03
 5.12698 0.92121E-03
 5.63998 0.97930E-03
 6.15297 0.10018E-02
 6.66597 0.98806E-03
 7.17897 0.94864E-03
 7.69197 0.89632E-03
 8.20496 0.84238E-03
 8.71796 0.79495E-03
 9.23096 0.75899E-03
 9.74396 0.73664E-03
10.25696 0.72789E-03
10.76995 0.73111E-03
11.28295 0.74380E-03
11.79595 0.76321E-03
12.30895 0.78680E-03
12.82194 0.81244E-03
13.33494 0.83852E-03
13.84794 0.86407E-03
14.36094 0.88876E-03
14.87394 0.91263E-03
15.38693 0.93574E-03
15.89993 0.95787E-03
16.41293 0.97854E-03
16.92593 0.99719E-03
17.43893 0.10136E-02
17.95192 0.10282E-02
18.46492 0.10413E-02
18.97792 0.10485E-02
19.49092 0.10400E-02
20.00391 0.10165E-02
20.51691 0.98796E-03
21.02991 0.96047E-03
21.54291 0.93580E-03
22.05591 0.91419E-03
22.56890 0.89553E-03
23.08190 0.87962E-03
23.59490 0.86627E-03
24.10790 0.85525E-03
24.62089 0.84635E-03
25.13389 0.83933E-03
25.64689 0.83398E-03
26.15989 0.83009E-03
26.67289 0.82747E-03
27.18588 0.82593E-03
27.69888 0.82532E-03
28.21188 0.82548E-03
28.72488 0.82631E-03
29.23787 0.82768E-03
29.75087 0.82952E-03
30.26387 0.83174E-03
30.77687 0.83428E-03
31.28987 0.83708E-03
31.80286 0.84011E-03
32.31586 0.84331E-03
32.82886 0.84667E-03
33.34186 0.85016E-03
33.85485 0.85377E-03
34.36785 0.85746E-03
34.88085 0.86125E-03
35.39385 0.86512E-03
35.90685 0.86907E-03
36.41984 0.87310E-03
36.93284 0.87723E-03
37.44584 0.88150E-03
37.95884 0.88601E-03
38.47183 0.89093E-03
38.98483 0.89639E-03
39.49783 0.90233E-03
40.01083 0.90854E-03
40.52383 0.91486E-03
41.03682 0.92123E-03
41.54982 0.92760E-03
42.06282 0.93396E-03
42.57582 0.94030E-03
43.08882 0.94660E-03
43.60181 0.95287E-03
44.11481 0.95911E-03
44.62781 0.96531E-03
45.14081 0.97149E-03
45.65380 0.97763E-03
46.16680 0.98376E-03
46.67980 0.98986E-03
47.19280 0.99594E-03
47.70580 0.10020E-02
48.21879 0.10080E-02
48.73179 0.10140E-02
49.24479 0.10200E-02
49.75779 0.10259E-02
50.27078 0.10317E-02
50.78378 0.10375E-02
51.29678 0.10433E-02
51.80978 0.10493E-02
52.32278 0.10556E-02
52.83577 0.10623E-02
53.34877 0.10698E-02
53.86177 0.10784E-02
54.37477 0.10889E-02
54.88776 0.11034E-02
55.40076 0.11265E-02
55.91376 0.11464E-02
56.42676 0.11471E-02
56.93976 0.11433E-02
57.45275 0.11411E-02
57.96575 0.11406E-02
58.47875 0.11416E-02
58.99175 0.11436E-02
59.50474 0.11465E-02
60.00000 0.11501E-02